chr1	0	69954	69954
chr1	70054	622431	552377
chr1	622931	1083307	460376
chr1	1083332	1222519	139187
chr1	1222544	1791694	569150
chr1	1792193	2252556	460363
chr1	2252656	7102091	4849435
chr1	7102191	7168007	65816
chr1	7168107	15084779	7916672
chr1	15084879	15127671	42792
chr1	15127681	20123940	4996259
chr1	20124439	23092906	2968467
chr1	23092931	33097740	10004809
chr1	33097765	33157688	59923
chr1	33157713	47395444	14237731
chr1	47395454	51379328	3983874
chr1	51379353	52943294	1563941
chr1	52943319	53594255	650936
chr1	53594355	53753295	158940
chr1	53753320	53778957	25637
chr1	53779457	58414187	4634730
chr1	58414197	58509072	94875
chr1	58509097	58563838	54741
chr1	58564338	65376149	6811811
chr1	65376174	67003141	1626967
chr1	67009025	80000790	12991765
chr1	80000890	80002757	1867
chr1	80002857	80276781	273924
chr1	80276881	80405838	128957
chr1	80406338	81312570	906232
chr1	81312595	81373886	61291
chr1	81373932	83548532	2174600
chr1	83548632	88836122	5287490
chr1	88844454	89344368	499914
chr1	89344393	89624764	280371
chr1	89624864	89751337	126473
chr1	89751362	89775026	23664
chr1	89775036	89813150	38114
chr1	89813175	100360895	10547720
chr1	100360995	100422802	61807
chr1	100422827	100495762	72935
chr1	100495772	108581617	8085845
chr1	108614920	109237673	622753
chr1	109303020	114247957	4944937
chr1	114370967	120516728	6145761
chr1	120517227	120972468	455241
chr1	120972501	120988559	16058
chr1	120988584	123631292	2642708
chr1	123631317	123720348	89031
chr1	123720373	123767397	47024
chr1	123767422	123803770	36348
chr1	123803795	123859921	56126
chr1	123859946	123892222	32276
chr1	123892722	125782263	1889541
chr1	125782288	125896728	114440
chr1	125896753	125959013	62260
chr1	125959038	130875213	4916175
chr1	130875313	139640652	8765339
chr1	139640752	144516801	4876049
chr1	144516901	148944814	4427913
chr1	148945313	149780054	834741
chr1	149787213	162041262	12254049
chr1	162041362	162041406	44
chr1	162041906	164983076	2941170
chr1	164983575	165840273	856698
chr1	165840283	165977225	136942
chr1	166130763	169337091	3206328
chr1	169337323	172383622	3046299
chr1	172383722	177013783	4630061
chr1	177013883	177032488	18605
chr1	177032588	177115237	82649
chr1	177115337	184552105	7436768
chr1	184552205	186912356	2360151
chr1	186912456	188009252	1096796
chr1	188010449	188215399	204950
chr1	188215424	190882785	2667361
chr1	190883284	194439548	3556264
chr1	194440048	197927137	3487089
chr1	197927162	200771330	2844168
chr1	200853205	202519462	1666257
chr1	202519562	202950116	430554
chr1	202950141	205606924	2656783
chr1	205614052	206122889	508837
chr1	206122914	206194240	71326
chr1	206194265	206279107	84842
chr1	206279207	206426376	147169
chr1	206426476	206630519	204043
chr1	206631019	206633430	2411
chr1	206633530	207238429	604899
chr2	0	33310	33310
chr2	33810	138792	104982
chr2	138817	591803	452986
chr2	591828	796844	205016
chr2	796869	906384	109515
chr2	906884	1546581	639697
chr2	1546681	2275086	728405
chr2	2275111	2616414	341303
chr2	2616514	2764739	148225
chr2	2764764	3031912	267148
chr2	3032411	4588690	1556279
chr2	4588790	5773827	1185037
chr2	5773927	6025363	251436
chr2	6025388	6440026	414638
chr2	6440526	6802548	362022
chr2	6802573	7011776	209203
chr2	7011801	7383930	372129
chr2	7384030	7406124	22094
chr2	7406149	7832376	426227
chr2	7832476	7935034	102558
chr2	7935134	7957439	22305
chr2	7957464	8402776	445312
chr2	8402801	8454651	51850
chr2	8454676	10883982	2429306
chr2	10883992	10942693	58701
chr2	10942793	14098160	3155367
chr2	14098260	15252176	1153916
chr2	15252276	17095058	1842782
chr2	17095068	21926578	4831510
chr2	21926678	22771132	844454
chr2	22771631	28223095	5451464
chr2	28223120	32703244	4480124
chr2	32703344	32762252	58908
chr2	32762352	34194362	1432010
chr2	34194462	34435378	240916
chr2	34435478	34558586	123108
chr2	34558611	34653063	94452
chr2	34653073	45712190	11059117
chr2	45712290	47301590	1589300
chr2	47301690	47421427	119737
chr2	47421527	47518546	97019
chr2	47518556	48213814	695258
chr2	48213914	49390489	1176575
chr2	49390589	51091754	1701165
chr2	51092254	52457974	1365720
chr2	52458074	58952129	6494055
chr2	58952139	59071688	119549
chr2	59071713	59307667	235954
chr2	59307692	59545954	238262
chr2	59546054	60914033	1367979
chr2	60914133	62330587	1416454
chr2	62330687	67870381	5539694
chr2	67870481	67971745	101264
chr2	67971770	68366179	394409
chr2	68366279	68895167	528888
chr2	68898506	69360512	462006
chr2	69360522	70823815	1463293
chr2	70823840	70827004	3164
chr2	70827104	71477771	650667
chr2	71477871	72370041	892170
chr2	72370066	72404665	34599
chr2	72404675	72441137	36462
chr2	72441158	72481964	40806
chr2	72481989	72609843	127854
chr2	72609868	72681472	71604
chr2	72681572	72699265	17693
chr2	72699290	72740988	41698
chr2	72741013	75696434	2955421
chr2	75696534	76769685	1073151
chr2	76770185	76906144	135959
chr2	76906244	76950710	44466
chr2	76950810	77110252	159442
chr2	77110277	78381175	1270898
chr2	78381200	78391019	9819
chr2	78391029	78394677	3648
chr2	78394777	78476921	82144
chr2	78476946	78648033	171087
chr2	78648043	80376464	1728421
chr2	80376963	80976000	599037
chr2	80976100	83257595	2281495
chr2	83257695	83377410	119715
chr2	83377510	83421660	44150
chr2	83422160	83452263	30103
chr2	83452288	85056172	1603884
chr2	85056197	86971586	1915389
chr2	86972085	87864189	892104
chr2	87864289	88480099	615810
chr2	88480598	90612129	2131531
chr2	90612154	91111029	498875
chr2	91111129	92335599	1224470
chr2	92337728	95089017	2751289
chr2	95094076	98659016	3564940
chr2	98659041	98666051	7010
chr2	98666061	100387773	1721712
chr2	100387783	108997193	8609410
chr2	108997293	109216107	218814
chr2	109216207	110456492	1240285
chr2	110676717	110787387	110670
chr2	110985491	114534125	3548634
chr2	114534225	114603941	69716
chr2	114604041	115778241	1174200
chr2	115778341	115829102	50761
chr2	115829602	118826195	2996593
chr2	118826295	119459065	632770
chr2	119459165	123259530	3800365
chr2	123259555	124478832	1219277
chr2	124478857	132266065	7787208
chr2	132266165	133256914	990749
chr2	133256924	136858071	3601147
chr2	136866024	143034884	6168860
chr2	143034984	158322932	15287948
chr2	158323032	162776537	4453505
chr2	162776637	163064325	287688
chr2	163064425	163270251	205826
chr2	163270276	163297332	27056
chr2	163297357	163420726	123369
chr2	163421043	163955429	534386
chr2	163955529	164225725	270196
chr2	164225750	164587886	362136
chr2	164588386	164759333	170947
chr2	164759358	164806227	46869
chr2	164806252	164862000	55748
chr3	0	6122279	6122279
chr3	6122379	6166001	43622
chr3	6166011	6225553	59542
chr3	6225578	6258700	33122
chr3	6258725	6444217	185492
chr3	6444242	6482082	37840
chr3	6482107	6720226	238119
chr3	6720251	6965940	245689
chr3	6965950	13308036	6342086
chr3	13308061	13329146	21085
chr3	13329171	13348986	19815
chr3	13348996	13350647	1651
chr3	13350672	13472988	122316
chr3	13473013	13564681	91668
chr3	13564781	14299850	735069
chr3	14299875	24556429	10256554
chr3	24556454	24569615	13161
chr3	24569640	24616734	47094
chr3	24616759	53112232	28495473
chr3	53112257	53800758	688501
chr3	53801257	57386373	3585116
chr3	57386398	70001921	12615523
chr3	70002021	71219709	1217688
chr3	71220209	71222604	2395
chr3	71222629	72039062	816433
chr3	72039162	74417945	2378783
chr3	74418045	76099600	1681555
chr3	76099610	76881880	782270
chr3	76882379	78632798	1750419
chr3	78632808	85135492	6502684
chr3	85135502	85187734	52232
chr3	85187834	91733839	6546005
chr3	91733939	92110924	376985
chr3	92111024	92896710	785686
chr3	92896735	94118952	1222217
chr3	94118977	94809721	690744
chr3	94809821	99333342	4523521
chr3	99333810	101033386	1699576
chr3	101033885	110678466	9644581
chr3	110678566	110701236	22670
chr3	110701736	110716813	15077
chr3	110716913	114139462	3422549
chr3	114139562	116213838	2074276
chr3	116213938	116355524	141586
chr3	116355549	118316901	1961352
chr3	118316926	118425732	108806
chr3	118425757	118487145	61388
chr3	118487170	118532750	45580
chr3	118532850	118582265	49415
chr3	118582290	118635282	52992
chr3	118635292	118894327	259035
chr3	118894352	118912988	18636
chr3	118913488	118975402	61914
chr3	118975412	119740641	765229
chr3	119741026	120086012	344986
chr4	0	425416	425416
chr4	425516	651719	226203
chr4	651819	706671	54852
chr4	706771	724401	17630
chr4	724501	6508442	5783941
chr4	6508542	12187950	5679408
chr4	12188050	14057389	1869339
chr4	14057399	19309247	5251848
chr4	19346858	20708194	1361336
chr4	20708294	20741889	33595
chr4	20741914	22959198	2217284
chr4	22959208	23015337	56129
chr4	23015362	23615708	600346
chr4	23621300	24599581	978281
chr4	24649703	33457034	8807331
chr4	33457274	55651785	22194511
chr4	55658116	59870796	4212680
chr4	59870896	70447070	10576174
chr4	70447170	75654488	5207318
chr4	75862919	76269206	406287
chr5	0	311435	311435
chr5	311535	395375	83840
chr5	395475	1105320	709845
chr5	1105345	2226618	1121273
chr5	2226718	2504210	277492
chr5	2504310	2697157	192847
chr5	2697211	2719815	22604
chr5	2719915	2806505	86590
chr5	2806530	2884657	78127
chr5	2884667	3486814	602147
chr5	3500916	5026798	1525882
chr5	5026898	6438235	1411337
chr5	6438245	7492895	1054650
chr5	7492905	8733064	1240159
chr5	8733563	10204386	1470823
chr5	10204486	19817908	9613422
chr5	19818008	19900605	82597
chr5	19900630	19944610	43980
chr5	19944710	29783243	9838533
chr5	29783268	29832325	49057
chr5	29832425	29911038	78613
chr5	29911048	29920883	9835
chr5	29920908	31070314	1149406
chr5	31070339	31099077	28738
chr5	31099102	41856382	10757280
chr5	41860924	42676432	815508
chr5	42676457	45001595	2325138
chr5	45002095	46360195	1358100
chr5	46390599	53623645	7233046
chr5	53623670	54101703	478033
chr5	54101803	54558069	456266
chr5	54561323	55047144	485821
chr5	55047169	55413124	365955
chr5	55413624	55803334	389710
chr5	55803434	62773339	6969905
chr5	62773838	63055898	282060
chr5	63055998	65352757	2296759
chr5	65352782	65389854	37072
chr5	65389879	65422135	32256
chr5	65422343	65467119	44776
chr5	65467129	66856311	1389182
chr6	0	69142	69142
chr6	69152	1985643	1916491
chr6	1986143	17349003	15362860
chr6	17362596	18029605	667009
chr6	18029705	19862077	1832372
chr6	20236604	36370244	16133640
chr6	36370284	36593048	222764
chr6	36593148	37939480	1346332
chr7	0	1434020	1434020
chr7	1434120	6912728	5478608
chr7	6912828	8797134	1884306
chr7	8797234	19348041	10550807
chr7	19348540	39565055	20216515
chr7	39565155	39637876	72721
chr7	39637976	39685054	47078
chr7	39685154	39829726	144572
chr7	39829826	39896445	66619
chr8	0	6464924	6464924
chr8	6464949	10946211	4481262
chr8	10946236	11085804	139568
chr8	11085904	30830370	19744466
chr8	30830470	31088485	258015
chr8	31088585	31139125	50540
chr8	31139225	31230725	91500
chr8	31230825	32618258	1387433
chr9	0	18399	18399
chr9	18821	14516966	14498145
chr9	14516991	16805476	2288485
chr9	16850438	17759694	909256
chr9	17759794	17786049	26255
chr9	17786649	25801908	8015259
chr9	25801918	26788864	986946
chr10	0	2782660	2782660
chr10	2782685	2979398	196713
chr10	2979408	3104448	125040
chr10	3104548	3219798	115250
chr10	3219823	6094220	2874397
chr10	6094245	6138734	44489
chr10	6138759	6681374	542615
chr10	6681474	6766021	84547
chr10	6766121	7526004	759883
chr10	7526029	7688377	162348
chr10	7688477	10570603	2882126
chr10	10570628	10576686	6058
chr10	10576711	13729556	3152845
chr10	13729581	13763518	33937
chr10	13763528	22484652	8721124
chr11	0	663083	663083
chr11	663093	1016661	353568
chr11	1016686	11675429	10658743
chr11	11675439	21326632	9651193
chr11	21326732	22598276	1271544
chr12	0	18601	18601
chr12	18626	18341901	18323275
chr12	18382581	21610006	3227425
chr13	0	2004374	2004374
chr13	2004831	2038942	34111
chr13	2038952	2054527	15575
chr13	2054537	8513512	6458975
chr13	8513537	8554720	41183
chr13	8554730	8729294	174564
chr13	8729319	8757051	27732
chr13	8757076	10286154	1529078
chr13	10286254	15692340	5406086
chr13	15692365	15713340	20975
chr13	15713365	15987814	274449
chr13	15987824	16009480	21656
chr13	16022334	16442061	419727
chr13	16442161	16493478	51317
chr13	16493578	18414452	1920874
chr13	18523034	18755614	232580
chr13	18756091	23123487	4367396
chr13	23123512	23150841	27329
chr14	0	7549909	7549909
chr14	7550009	7577655	27646
chr14	7577665	7789121	211456
chr14	7789146	7972438	183292
chr14	7972538	8108883	136345
chr14	8108983	9527066	1418083
chr14	9527091	9550619	23528
chr14	9550644	13021179	3470535
chr14	13021204	20884758	7863554
chr14	20884783	20984523	99740
chr15	0	14341350	14341350
chr15	14341375	15321382	980007
chr15	15321881	17872457	2550576
chr16	0	3080256	3080256
chr16	3080281	3122088	41807
chr16	3122588	3280163	157575
chr16	3280188	3331470	51282
chr16	3331570	4415602	1084032
chr16	4415702	4508467	92765
chr16	4508567	5092024	583457
chr16	5092049	5156989	64940
chr16	5157068	5740468	583400
chr16	5740493	5756079	15586
chr16	5756104	5787672	31568
chr16	5787697	9362150	3574453
chr16	9362250	10865089	1502839
chr16	10865153	10898226	33073
chr16	10898251	16222536	5324285
chr17	0	334438	334438
chr17	334463	767173	432710
chr17	767273	1402342	635069
chr18	0	134028	134028
chr18	134038	202097	68059
chr18	202122	12065260	11863138
chr19	0	11212633	11212633
chr19	11275819	12552944	1277125
chr19	12553044	13129675	576631
chr20	0	47839	47839
chr20	47864	2039232	1991368
chr20	2039332	2344286	304954
chr20	2344386	11966879	9622493
chr21	0	78163	78163
chr21	78173	2424701	2346528
chr21	2424726	2497647	72921
chr21	2497747	2675021	177274
chr21	2675046	2808150	133104
chr21	2808250	2830452	22202
chr21	2830552	2909517	78965
chr21	2909527	2943667	34140
chr21	2943692	6808821	3865129
chr21	6808846	13263935	6455089
chr21	13264435	13318876	54441
chr21	13318901	13360131	41230
chr21	13360231	13943174	582943
chr21	13943673	16960004	3016331
chr22	0	7811761	7811761
chr22	7811832	7830184	18352
chr22	7830284	7885681	55397
chr22	7885691	7939300	53609
chr22	7947585	8397549	449964
chr23	0	114122	114122
chr23	150739	2303857	2153118
chr23	2303957	4342101	2038144
chr23	4342126	5328910	986784
chr24	0	1268445	1268445
chr24	1268470	3099583	1831113
chr24	3100082	7486938	4386856
chr24	7486948	7616796	129848
chr24	7616806	7636233	19427
chr25	0	106252	106252
chr25	106303	7658487	7552184
chr26	0	609443	609443
chr26	609468	661853	52385
chr26	661878	841177	179299
chr26	1038268	1400549	362281
chr26	1400574	1779049	378475
chr26	1779549	2200201	420652
chr26	2226741	2980860	754119
chr26	2980885	3016075	35190
chr26	3016100	3016383	283
chr26	3016483	3037671	21188
chr27	0	3134186	3134186
chr27	3134286	6799408	3665122
chr28	0	254891	254891
chr28	254901	560282	305381
chr28	595456	991452	395996
chr28	991477	1076709	85232
chr28	1076719	1162870	86151
chr28	1162895	1288359	125464
chr28	1288459	1295339	6880
chr28	1295364	2001546	706182
chr28	2001571	2074245	72674
chr28	2168786	2887167	718381
chr28	2981989	4042620	1060631
chr28	4042645	4109040	66395
chr28	4109140	4206136	96996
chr28	4206236	4310179	103943
chr28	4310679	4588021	277342
chr28	4588121	4645837	57716
chr28	4645862	5170366	524504
chr28	5170466	6994620	1824154
chr28	6994720	7028699	33979
chr29	0	1015287	1015287
chr29	1015787	3086256	2070469
chr29	3086389	4278885	1192496
chr29	4358186	5162539	804353
chr29	5208355	6031659	823304
chr31	0	118450	118450
chr31	118550	214689	96139
chr33	0	80025	80025
chr33	80050	112901	32851
chrZ	0	15835	15835
chrZ	15935	37063	21128
chrZ	37088	1674983	1637895
chrZ	1675083	1808838	133755
chrZ	1808938	1879847	70909
chrZ	1879857	1905178	25321
chrZ	1905968	3726784	1820816
chrZ	3802303	4620729	818426
chrZ	4620757	4622230	1473
chrZ	4622276	4697249	74973
chrZ	4697259	4850641	153382
chrZ	4850651	4946823	96172
chrZ	4946833	4964767	17934
chrZ	4964777	5106686	141909
chrZ	5251737	5545732	293995
chrZ	5545742	5921285	375543
chrZ	5921295	6017816	96521
chrZ	6017826	6416096	398270
chrZ	6416121	6873743	457622
chrZ	6873753	7038838	165085
chrZ	7038848	7128707	89859
chrZ	7128838	7180269	51431
chrZ	7180279	7216360	36081
chrZ	7415195	7734279	319084
chrZ	7734289	11720033	3985744
chrZ	11720533	14024778	2304245
chrZ	14024878	14235020	210142
chrZ	14235030	14405436	170406
chrZ	14405446	14499082	93636
chrZ	14499092	14519099	20007
chrZ	14519109	14546020	26911
chrZ	14546030	15666299	1120269
chrZ	15666394	16578295	911901
chrZ	16586004	16766354	180350
chrZ	16766364	16867849	101485
chrZ	16867859	16915472	47613
chrZ	16915497	17064682	149185
chrZ	17064692	17322768	258076
chrZ	17322778	18041443	718665
chrZ	18041453	19311143	1269690
chrZ	19311539	19777100	465561
chrZ	19777110	19891455	114345
chrZ	19891465	20311898	420433
chrZ	20311908	20588550	276642
chrZ	20588560	20674317	85757
chrZ	20834064	21266326	432262
chrZ	21266336	23613633	2347297
chrZ	23637046	26036830	2399784
chrZ	26037330	27185237	1147907
chrZ	27201864	29651336	2449472
chrZ	29651361	29681523	30162
chrZ	29681533	31328192	1646659
chrZ	31328202	31673062	344860
chrZ	31673072	31887451	214379
chrZ	31887461	32056021	168560
chrZ	32056031	32682511	626480
chrZ	32682521	33040848	358327
chrZ	33040858	33045761	4903
chrZ	33045771	33115410	69639
chrZ	33115420	33867605	752185
chrZ	33867615	33917203	49588
chrZ	33988435	34817520	829085
chrZ	34817530	34926118	108588
chrZ	34926128	34947039	20911
chrZ	34947049	35700895	753846
chrZ	35700905	37944143	2243238
chrZ	37944243	39573304	1629061
chrZ	39578439	39766306	187867
chrZ	39784578	40125124	340546
chrZ	40125134	40141013	15879
chrZ	40141113	41276161	1135048
chrZ	41292751	41560495	267744
chrZ	41560505	41584175	23670
chrZ	41584185	41744171	159986
chrZ	41744181	43340228	1596047
chrZ	43358868	45300834	1941966
chrZ	45300844	45392911	92067
chrZ	45392921	45416379	23458
chrZ	45416389	45544303	127914
chrZ	45544313	45788932	244619
chrZ	45788942	46077482	288540
chrZ	46077492	46634335	556843
chrZ	46634514	47660599	1026085
chrZ	47660760	47684849	24089
chrZ	47684949	47724515	39566
chrZ	47724758	48007321	282563
chrZ	48007346	48810458	803112
chrZ	48933855	49192181	258326
chrZ	49322207	49944525	622318
chrZ	49954654	51063425	1108771
chrZ	51063450	51105933	42483
chrZ	51106033	51557973	451940
chrZ	51563840	51780845	217005
chrZ	51781344	51790597	9253
chrZ	51791097	51955529	164432
chrZ	51955629	52374232	418603
chrZ	52374242	53140478	766236
chrZ	53140503	53194163	53660
chrZ	53194663	53215609	20946
chrZ	53216108	54459500	1243392
chrZ	54459999	54819171	359172
chrZ	54819671	55401758	582087
chrZ	55542230	56294434	752204
chrZ	56294459	56561173	266714
chrZ	56561183	56768721	207538
chrZ	56768731	58063427	1294696
chrZ	58071531	58386643	315112
chrZ	58386768	58518422	131654
chrZ	58518432	58744498	226066
chrZ	58744508	59087959	343451
chrZ	59087984	61102598	2014614
chrZ	61102608	62007270	904662
chrZ	62007280	62701785	694505
chrZ	62710431	62870023	159592
chrZ	62870033	63040245	170212
chrZ	63040270	63245458	205188
chrZ	63245558	63831796	586238
chrZ	63831806	64072213	240407
chrZ	64072238	64075932	3694
chrZ	64075942	64076547	605
chrZ	64076557	64586854	510297
chrZ	64594643	65465572	870929
chrZ	65466072	65814968	348896
chrZ	65943368	66172439	229071
chrZ	66172449	66344229	171780
chrZ	66344280	66345669	1389
chrZ	66345679	67377401	1031722
chrZ	67377411	67416955	39544
chrZ	67416965	67437098	20133
chrZ	67437108	68200788	763680
chrZ	68200813	68297088	96275
chrZ	68297188	68637820	340632
chrZ	68637920	68651916	13996
chrZ	68652016	68801858	149842
chrZ	68801868	68885588	83720
chrZ	68885598	68911411	25813
chrZ	68911421	69939903	1028482
chrZ	69939913	70338069	398156
chrZ	70395308	70605231	209923
chrZ	70605241	72140030	1534789
chrZ	72143858	73439704	1295846
chrZ	73454203	75561919	2107716
chrZ	75562008	75662101	100093
chrZ	75662126	75808638	146512
chrZ	75809126	76171315	362189
chrZ	76171348	76757630	586282
chrZ	76758052	77585317	827265
chrZ	77604624	77776918	172294
chrZ	77776928	78268091	491163
chrZ	78279541	78629771	350230
chrZ	78630053	80665804	2035751
chrZ	80665904	80953290	287386
chrZ	80953300	81423079	469779
chrZ	81423089	81770536	347447
chrZ	81770546	81973889	203343
chrZ	81973914	82392093	418179
chrZ	82420967	84547829	2126862
scaffold_52	0	1247135	1247135
scaffold_52	1255327	1950250	694923
scaffold_52	1950260	2004067	53807
scaffold_54	0	987346	987346
scaffold_54	1009551	1790720	781169
scaffold_59	0	1531337	1531337
scaffold_60	0	1470785	1470785
scaffold_67	0	756365	756365
scaffold_67	825537	1344222	518685
scaffold_68	0	1301960	1301960
scaffold_69	0	1180394	1180394
scaffold_71	57497	814675	757178
scaffold_71	814700	1110497	295797
scaffold_75	0	461118	461118
scaffold_75	461143	574785	113642
scaffold_75	574885	733938	159053
scaffold_75	734438	976944	242506
scaffold_76	0	929670	929670
scaffold_78	0	265678	265678
scaffold_78	299133	917416	618283
scaffold_81	0	766312	766312
scaffold_82	0	39453	39453
scaffold_82	39478	57708	18230
scaffold_82	57808	86737	28929
scaffold_82	86837	116729	29892
scaffold_82	116829	266040	149211
scaffold_82	266065	418407	152342
scaffold_82	418507	506775	88268
scaffold_82	506834	538868	32034
scaffold_82	539227	630961	91734
scaffold_82	630971	673663	42692
scaffold_82	673763	730835	57072
scaffold_82	730935	796568	65633
scaffold_85	0	35067	35067
scaffold_85	35092	254529	219437
scaffold_85	254554	420142	165588
scaffold_85	420242	463045	42803
scaffold_85	463055	759481	296426
scaffold_86	0	689155	689155
scaffold_87	0	689600	689600
scaffold_88	0	6976	6976
scaffold_88	7475	674837	667362
scaffold_88	674885	697541	22656
scaffold_90	0	691378	691378
scaffold_91	0	138357	138357
scaffold_91	138457	264803	126346
scaffold_91	264828	642797	377969
scaffold_92	0	656308	656308
scaffold_93	0	305537	305537
scaffold_93	305562	539334	233772
scaffold_93	539359	615498	76139
scaffold_93	615598	647348	31750
scaffold_95	0	102845	102845
scaffold_95	102855	267426	164571
scaffold_95	267451	312647	45196
scaffold_95	312672	664247	351575
scaffold_101	0	109864	109864
scaffold_101	109889	155147	45258
scaffold_101	155172	241061	85889
scaffold_101	241086	314761	73675
scaffold_101	314786	370950	56164
scaffold_101	371050	476426	105376
scaffold_101	476451	649877	173426
scaffold_103	0	364976	364976
scaffold_103	365001	550562	185561
scaffold_105	0	302283	302283
scaffold_105	302383	336921	34538
scaffold_105	337021	467106	130085
scaffold_105	467116	516821	49705
scaffold_109	52356	52363	7
scaffold_109	52530	453136	400606
scaffold_111	0	434638	434638
scaffold_112	0	424691	424691
scaffold_113	0	28754	28754
scaffold_113	28779	121883	93104
scaffold_113	121908	156031	34123
scaffold_113	156131	245047	88916
scaffold_113	245147	304656	59509
scaffold_113	304681	342981	38300
scaffold_113	343154	385072	41918
scaffold_113	385097	447757	62660
scaffold_113	447857	476942	29085
scaffold_114	0	84244	84244
scaffold_114	84269	134354	50085
scaffold_114	134454	260533	126079
scaffold_114	260558	443909	183351
scaffold_115	0	87937	87937
scaffold_115	87962	136597	48635
scaffold_115	136622	247649	111027
scaffold_115	247749	271832	24083
scaffold_115	271857	435633	163776
scaffold_115	435658	478366	42708
scaffold_117	0	41350	41350
scaffold_117	41375	329220	287845
scaffold_117	329245	442559	113314
scaffold_118	0	42644	42644
scaffold_118	42669	81019	38350
scaffold_118	81119	255055	173936
scaffold_118	255155	295446	40291
scaffold_118	295471	433380	137909
scaffold_119	0	209562	209562
scaffold_119	209662	388341	178679
scaffold_121	0	337461	337461
scaffold_121	337486	352841	15355
scaffold_121	352941	378605	25664
scaffold_121	378630	414003	35373
scaffold_122	0	219041	219041
scaffold_122	219141	331459	112318
scaffold_122	331484	416028	84544
scaffold_123	0	372976	372976
scaffold_124	0	77034	77034
scaffold_124	77059	109044	31985
scaffold_124	109054	343229	234175
scaffold_124	343254	387471	44217
scaffold_124	387496	427144	39648
scaffold_126	0	182184	182184
scaffold_126	182284	391507	209223
scaffold_127	0	104670	104670
scaffold_127	104770	134644	29874
scaffold_127	134744	302771	168027
scaffold_127	302781	373580	70799
scaffold_128	0	59399	59399
scaffold_128	59424	367866	308442
scaffold_130	0	241899	241899
scaffold_130	241999	358211	116212
scaffold_131	0	351084	351084
scaffold_132	0	194981	194981
scaffold_132	195481	338863	143382
scaffold_134	0	274736	274736
scaffold_134	274761	344314	69553
scaffold_135	0	326635	326635
scaffold_136	0	330887	330887
scaffold_137	0	185437	185437
scaffold_137	185537	278487	92950
scaffold_137	278587	315985	37398
scaffold_139	0	94952	94952
scaffold_139	94977	136381	41404
scaffold_139	136481	157722	21241
scaffold_139	157747	179683	21936
scaffold_139	179783	197558	17775
scaffold_139	197620	221142	23522
scaffold_139	221242	249631	28389
scaffold_139	249731	271337	21606
scaffold_139	271437	316131	44694
scaffold_140	0	215921	215921
scaffold_140	215946	254459	38513
scaffold_140	254484	310280	55796
scaffold_141	0	204294	204294
scaffold_141	204773	301962	97189
scaffold_145	0	282834	282834
scaffold_147	0	283545	283545
scaffold_148	0	22075	22075
scaffold_148	22447	282740	260293
scaffold_149	0	87687	87687
scaffold_149	87712	187215	99503
scaffold_149	187240	212762	25522
scaffold_149	212787	287996	75209
scaffold_149	288021	326529	38508
scaffold_150	0	29522	29522
scaffold_150	29547	207295	177748
scaffold_150	207395	292750	85355
scaffold_151	0	34408	34408
scaffold_151	34508	71205	36697
scaffold_151	71230	94746	23516
scaffold_151	94846	111337	16491
scaffold_151	111437	182188	70751
scaffold_151	182288	198094	15806
scaffold_151	198152	265842	67690
scaffold_151	265867	295207	29340
scaffold_153	0	248455	248455
scaffold_153	248480	276793	28313
scaffold_154	0	255978	255978
scaffold_155	0	71308	71308
scaffold_155	71333	196266	124933
scaffold_155	196366	278004	81638
scaffold_156	0	276756	276756
scaffold_157	0	262084	262084
scaffold_159	0	206420	206420
scaffold_161	0	250685	250685
scaffold_162	0	39724	39724
scaffold_162	40224	134487	94263
scaffold_162	134587	249152	114565
scaffold_164	0	1614	1614
scaffold_164	1714	240944	239230
scaffold_165	0	59289	59289
scaffold_165	59314	147681	88367
scaffold_165	147706	250100	102394
scaffold_167	0	189200	189200
scaffold_168	0	180777	180777
scaffold_168	180787	244280	63493
scaffold_169	0	64769	64769
scaffold_169	64794	235595	170801
scaffold_170	0	218223	218223
scaffold_171	0	217127	217127
scaffold_172	0	103956	103956
scaffold_172	104056	206360	102304
scaffold_173	0	48469	48469
scaffold_173	48569	104696	56127
scaffold_173	104721	175607	70886
scaffold_173	175707	222721	47014
scaffold_174	0	214919	214919
scaffold_177	0	205810	205810
scaffold_178	0	68583	68583
scaffold_178	68608	222501	153893
scaffold_178	222601	223912	1311
scaffold_179	0	114238	114238
scaffold_179	114263	228875	114612
scaffold_184	0	21601	21601
scaffold_184	21701	218486	196785
scaffold_185	0	148076	148076
scaffold_185	148101	194139	46038
scaffold_185	194164	226546	32382
scaffold_187	0	196059	196059
scaffold_188	0	194869	194869
scaffold_189	0	199260	199260
scaffold_190	0	98216	98216
scaffold_190	98316	191611	93295
scaffold_191	0	36151	36151
scaffold_191	36176	96467	60291
scaffold_191	96492	204005	107513
scaffold_193	0	91781	91781
scaffold_193	91806	207050	115244
scaffold_194	0	184662	184662
scaffold_195	0	186819	186819
scaffold_196	0	18493	18493
scaffold_196	18593	52033	33440
scaffold_196	52058	71163	19105
scaffold_196	71263	99980	28717
scaffold_196	100080	146149	46069
scaffold_196	146249	191079	44830
scaffold_197	0	41360	41360
scaffold_197	41385	154090	112705
scaffold_197	154115	198192	44077
scaffold_198	0	181751	181751
scaffold_199	0	35957	35957
scaffold_199	35982	72231	36249
scaffold_199	72256	207982	135726
scaffold_200	0	164303	164303
scaffold_201	0	158020	158020
scaffold_203	0	71086	71086
scaffold_203	71186	189938	118752
scaffold_204	0	162455	162455
scaffold_205	0	169465	169465
scaffold_207	0	49081	49081
scaffold_207	49106	74233	25127
scaffold_207	74333	117556	43223
scaffold_207	117656	175411	57755
scaffold_208	0	106699	106699
scaffold_208	107199	154798	47599
scaffold_209	0	39792	39792
scaffold_209	40292	92811	52519
scaffold_209	93311	168304	74993
scaffold_212	0	83845	83845
scaffold_213	0	38362	38362
scaffold_213	38387	158896	120509
scaffold_214	0	30730	30730
scaffold_214	30755	74951	44196
scaffold_215	0	93826	93826
scaffold_215	93926	155911	61985
scaffold_217	0	142371	142371
scaffold_219	0	89689	89689
scaffold_219	89699	148270	58571
scaffold_220	0	147243	147243
scaffold_222	0	27760	27760
scaffold_222	27860	60424	32564
scaffold_222	60524	87305	26781
scaffold_222	87405	105191	17786
scaffold_222	105291	122521	17230
scaffold_222	122621	145064	22443
scaffold_223	0	146307	146307
scaffold_224	0	152842	152842
scaffold_225	0	70268	70268
scaffold_225	70368	150081	79713
scaffold_226	0	153462	153462
scaffold_227	0	53556	53556
scaffold_227	53566	135368	81802
scaffold_229	0	104801	104801
scaffold_229	104826	154544	49718
scaffold_230	0	154460	154460
scaffold_231	0	66874	66874
scaffold_231	66899	149367	82468
scaffold_233	0	145627	145627
scaffold_234	0	143070	143070
scaffold_235	0	147573	147573
scaffold_237	0	61077	61077
scaffold_237	61102	162673	101571
scaffold_238	0	59258	59258
scaffold_238	59283	118660	59377
scaffold_239	0	57913	57913
scaffold_239	57938	173484	115546
scaffold_241	0	71754	71754
scaffold_241	71822	133662	61840
scaffold_242	0	44050	44050
scaffold_242	44150	69158	25008
scaffold_242	69183	118769	49586
scaffold_242	118869	132617	13748
scaffold_244	0	35899	35899
scaffold_244	35999	80921	44922
scaffold_244	80946	139934	58988
scaffold_245	0	145753	145753
scaffold_246	0	134107	134107
scaffold_247	0	121502	121502
scaffold_248	0	130064	130064
scaffold_249	0	46097	46097
scaffold_249	46197	110690	64493
scaffold_250	0	32393	32393
scaffold_250	32418	131406	98988
scaffold_251	0	31021	31021
scaffold_251	31046	64497	33451
scaffold_251	64522	118746	54224
scaffold_251	118756	143733	24977
scaffold_251	143833	153908	10075
scaffold_252	0	122082	122082
scaffold_253	0	42990	42990
scaffold_253	43090	126884	83794
scaffold_254	0	123699	123699
scaffold_255	0	123014	123014
scaffold_256	0	121456	121456
scaffold_257	0	28698	28698
scaffold_257	28798	60133	31335
scaffold_257	60233	94867	34634
scaffold_257	94967	120406	25439
scaffold_258	0	122297	122297
scaffold_260	0	115120	115120
scaffold_262	0	49541	49541
scaffold_262	49566	127019	77453
scaffold_263	0	101817	101817
scaffold_263	101842	139926	38084
scaffold_264	0	13901	13901
scaffold_264	14401	118878	104477
scaffold_265	0	115282	115282
scaffold_266	0	23555	23555
scaffold_266	23655	111869	88214
scaffold_267	0	114350	114350
scaffold_268	0	88273	88273
scaffold_268	88298	98486	10188
scaffold_269	0	30810	30810
scaffold_269	30910	105650	74740
scaffold_270	0	114442	114442
scaffold_271	0	82135	82135
scaffold_271	82235	109129	26894
scaffold_272	0	64155	64155
scaffold_272	64255	109113	44858
scaffold_273	0	131918	131918
scaffold_274	0	130750	130750
scaffold_275	0	107975	107975
scaffold_276	0	107838	107838
scaffold_278	0	107132	107132
scaffold_279	0	106393	106393
scaffold_280	0	109495	109495
scaffold_281	0	41983	41983
scaffold_281	42008	141553	99545
scaffold_282	0	106722	106722
scaffold_283	0	103888	103888
scaffold_285	0	113509	113509
scaffold_286	0	18690	18690
scaffold_286	18790	74419	55629
scaffold_286	74429	98527	24098
scaffold_287	0	101966	101966
scaffold_288	0	109162	109162
scaffold_289	0	70112	70112
scaffold_289	70612	103692	33080
scaffold_290	0	99717	99717
scaffold_291	0	98824	98824
scaffold_293	0	105538	105538
scaffold_295	0	96594	96594
scaffold_296	0	96568	96568
scaffold_297	0	23238	23238
scaffold_297	23338	44821	21483
scaffold_297	44921	96347	51426
scaffold_299	0	107091	107091
scaffold_302	0	104651	104651
scaffold_303	0	97362	97362
scaffold_305	0	102240	102240
scaffold_306	0	92164	92164
scaffold_307	0	98348	98348
scaffold_308	0	91338	91338
scaffold_310	0	91300	91300
scaffold_311	0	69870	69870
scaffold_311	69970	106662	36692
scaffold_312	0	90698	90698
scaffold_313	0	90405	90405
scaffold_314	0	105251	105251
scaffold_315	0	19107	19107
scaffold_315	19132	90251	71119
scaffold_316	0	102941	102941
scaffold_317	0	15142	15142
scaffold_317	15242	57077	41835
scaffold_317	57177	87976	30799
scaffold_318	0	15826	15826
scaffold_318	15926	42037	26111
scaffold_318	42137	86709	44572
scaffold_319	0	95947	95947
scaffold_322	0	66421	66421
scaffold_322	66521	96984	30463
scaffold_323	0	81657	81657
scaffold_325	0	84031	84031
scaffold_326	0	88075	88075
scaffold_327	0	82893	82893
scaffold_328	0	79792	79792
scaffold_331	0	82299	82299
scaffold_332	0	82100	82100
scaffold_333	0	76857	76857
scaffold_334	0	36316	36316
scaffold_334	36341	81401	45060
scaffold_336	0	80627	80627
scaffold_337	0	81096	81096
scaffold_338	0	80959	80959
scaffold_339	0	38345	38345
scaffold_339	38445	84619	46174
scaffold_340	0	14966	14966
scaffold_340	14991	51028	36037
scaffold_340	51053	86430	35377
scaffold_341	0	25098	25098
scaffold_341	25198	80727	55529
scaffold_342	0	80513	80513
scaffold_343	0	80304	80304
scaffold_344	0	73569	73569
scaffold_345	0	79577	79577
scaffold_346	0	78996	78996
scaffold_347	0	78988	78988
scaffold_348	0	79727	79727
scaffold_350	0	77765	77765
scaffold_351	0	76112	76112
scaffold_352	0	41950	41950
scaffold_352	41975	82607	40632
scaffold_353	0	84397	84397
scaffold_354	0	75808	75808
scaffold_355	0	95093	95093
scaffold_356	0	54326	54326
scaffold_356	54351	92907	38556
scaffold_357	0	31077	31077
scaffold_357	31102	82044	50942
scaffold_359	0	75014	75014
scaffold_360	0	74997	74997
scaffold_362	0	74084	74084
scaffold_363	0	73610	73610
scaffold_364	0	77318	77318
scaffold_365	0	72581	72581
scaffold_366	0	72462	72462
scaffold_367	0	72436	72436
scaffold_369	0	78445	78445
scaffold_370	0	81998	81998
scaffold_371	0	70789	70789
scaffold_373	0	69963	69963
scaffold_375	0	69805	69805
scaffold_376	0	69380	69380
scaffold_377	0	38779	38779
scaffold_377	38804	80915	42111
scaffold_379	0	63438	63438
scaffold_380	0	71014	71014
scaffold_381	0	75924	75924
scaffold_382	0	67073	67073
scaffold_383	0	67046	67046
scaffold_384	0	68530	68530
scaffold_385	0	66904	66904
scaffold_386	0	66748	66748
scaffold_387	0	66431	66431
scaffold_388	0	66422	66422
scaffold_389	0	66219	66219
scaffold_390	0	66118	66118
scaffold_391	0	65963	65963
scaffold_392	0	65614	65614
scaffold_393	0	66304	66304
scaffold_394	0	75731	75731
scaffold_395	0	65376	65376
scaffold_396	0	65195	65195
scaffold_397	0	65099	65099
scaffold_398	0	32307	32307
scaffold_398	32332	65777	33445
scaffold_400	0	48713	48713
scaffold_400	48813	64653	15840
scaffold_401	0	66483	66483
scaffold_402	0	64695	64695
scaffold_403	0	64445	64445
scaffold_404	0	64430	64430
scaffold_405	0	63554	63554
scaffold_406	0	25192	25192
scaffold_406	25217	70626	45409
scaffold_407	0	35078	35078
scaffold_407	35335	80378	45043
scaffold_408	0	63473	63473
scaffold_409	0	71484	71484
scaffold_410	0	62455	62455
scaffold_411	0	61991	61991
scaffold_412	0	87212	87212
scaffold_413	0	64309	64309
scaffold_414	0	61238	61238
scaffold_415	0	55323	55323
scaffold_416	0	66030	66030
scaffold_417	0	60385	60385
scaffold_418	0	60182	60182
scaffold_419	0	59858	59858
scaffold_420	0	64118	64118
scaffold_421	0	59580	59580
scaffold_422	0	70625	70625
scaffold_423	0	60005	60005
scaffold_424	0	18928	18928
scaffold_424	18953	59637	40684
scaffold_427	0	63894	63894
scaffold_428	0	58305	58305
scaffold_429	0	37001	37001
scaffold_429	37101	58286	21185
scaffold_430	0	58706	58706
scaffold_432	0	57911	57911
scaffold_433	0	57664	57664
scaffold_434	0	57638	57638
scaffold_435	0	57472	57472
scaffold_436	0	56851	56851
scaffold_437	0	57124	57124
scaffold_438	0	57123	57123
scaffold_439	0	57122	57122
scaffold_440	0	67997	67997
scaffold_441	0	29926	29926
scaffold_441	29951	64126	34175
scaffold_442	0	56708	56708
scaffold_444	0	32708	32708
scaffold_444	32808	61080	28272
scaffold_445	0	55906	55906
scaffold_446	0	59487	59487
scaffold_447	0	55820	55820
scaffold_448	0	55770	55770
scaffold_449	0	55685	55685
scaffold_450	0	39428	39428
scaffold_450	39528	59246	19718
scaffold_451	0	66678	66678
scaffold_453	0	57977	57977
scaffold_454	0	41019	41019
scaffold_454	41519	55184	13665
scaffold_455	0	54490	54490
scaffold_456	0	55756	55756
scaffold_457	0	59759	59759
scaffold_459	0	59600	59600
scaffold_460	0	54041	54041
scaffold_461	0	53989	53989
scaffold_462	0	55379	55379
scaffold_463	0	24288	24288
scaffold_463	24388	53696	29308
scaffold_464	0	62722	62722
scaffold_465	0	54896	54896
scaffold_466	0	53380	53380
scaffold_468	0	52905	52905
scaffold_469	0	52723	52723
scaffold_470	0	6146	6146
scaffold_470	6646	46887	40241
scaffold_470	46897	62073	15176
scaffold_471	0	52299	52299
scaffold_472	0	52260	52260
scaffold_473	0	52254	52254
scaffold_475	0	52205	52205
scaffold_476	0	58387	58387
scaffold_477	0	52130	52130
scaffold_478	0	58637	58637
scaffold_479	0	54348	54348
scaffold_480	0	51409	51409
scaffold_481	0	51235	51235
scaffold_482	0	51164	51164
scaffold_483	0	60155	60155
scaffold_484	0	51127	51127
scaffold_485	0	52080	52080
scaffold_486	0	51680	51680
scaffold_487	0	50920	50920
scaffold_488	0	60182	60182
scaffold_490	0	50587	50587
scaffold_492	0	50228	50228
scaffold_493	0	50602	50602
scaffold_494	0	49788	49788
scaffold_495	0	49777	49777
scaffold_496	0	55954	55954
scaffold_497	0	49094	49094
scaffold_499	0	20090	20090
scaffold_499	20190	48797	28607
scaffold_500	0	48688	48688
scaffold_501	0	87713	87713
scaffold_502	0	43202	43202
scaffold_503	0	43627	43627
scaffold_504	0	48345	48345
scaffold_505	0	48293	48293
scaffold_507	0	48037	48037
scaffold_508	0	56153	56153
scaffold_509	0	47763	47763
scaffold_510	0	68864	68864
scaffold_511	0	55903	55903
scaffold_512	0	47591	47591
scaffold_513	0	47467	47467
scaffold_514	0	47277	47277
scaffold_515	0	47183	47183
scaffold_516	0	46769	46769
scaffold_518	0	46378	46378
scaffold_519	0	45530	45530
scaffold_520	0	46301	46301
scaffold_521	0	46241	46241
scaffold_522	0	46146	46146
scaffold_525	0	45773	45773
scaffold_526	0	50749	50749
scaffold_527	0	49956	49956
scaffold_528	0	45452	45452
scaffold_529	0	45428	45428
scaffold_530	0	43363	43363
scaffold_531	0	44713	44713
scaffold_532	0	44619	44619
scaffold_533	0	27010	27010
scaffold_533	27035	54806	27771
scaffold_534	0	13842	13842
scaffold_534	13942	48690	34748
scaffold_535	0	44244	44244
scaffold_536	0	47597	47597
scaffold_539	0	43843	43843
scaffold_540	0	43754	43754
scaffold_541	0	29672	29672
scaffold_541	29697	71403	41706
scaffold_542	0	43572	43572
scaffold_543	0	43470	43470
scaffold_544	0	43962	43962
scaffold_545	0	43781	43781
scaffold_546	0	48264	48264
scaffold_547	0	43124	43124
scaffold_548	0	46523	46523
scaffold_550	0	46376	46376
scaffold_551	0	49298	49298
scaffold_553	0	40614	40614
scaffold_554	0	42257	42257
scaffold_555	0	42914	42914
scaffold_556	0	57226	57226
scaffold_557	0	47961	47961
scaffold_558	0	23388	23388
scaffold_558	23413	46014	22601
scaffold_560	0	42463	42463
scaffold_561	0	41445	41445
scaffold_562	0	56296	56296
scaffold_563	0	41608	41608
scaffold_564	0	44422	44422
scaffold_565	0	48655	48655
scaffold_566	0	40431	40431
scaffold_567	0	40069	40069
scaffold_568	0	55941	55941
scaffold_569	0	40005	40005
scaffold_570	0	40006	40006
scaffold_571	0	39918	39918
scaffold_572	0	39892	39892
scaffold_573	0	43981	43981
scaffold_574	0	57913	57913
scaffold_575	0	39587	39587
scaffold_576	0	39583	39583
scaffold_577	0	39311	39311
scaffold_578	0	39213	39213
scaffold_579	0	39257	39257
scaffold_580	0	29785	29785
scaffold_581	0	39020	39020
scaffold_582	0	22339	22339
scaffold_582	22349	60000	37651
scaffold_583	0	41238	41238
scaffold_584	0	38861	38861
scaffold_585	0	51556	51556
scaffold_586	0	21889	21889
scaffold_586	21899	45224	23325
scaffold_587	0	38696	38696
scaffold_588	0	38600	38600
scaffold_590	0	38319	38319
scaffold_591	0	38216	38216
scaffold_592	0	38197	38197
scaffold_593	0	38021	38021
scaffold_594	0	38000	38000
scaffold_595	0	37927	37927
scaffold_596	0	61865	61865
scaffold_598	0	37434	37434
scaffold_599	0	37431	37431
scaffold_600	0	37425	37425
scaffold_601	0	37351	37351
scaffold_602	0	39112	39112
scaffold_603	0	41671	41671
scaffold_604	0	37302	37302
scaffold_605	0	48877	48877
scaffold_606	0	36968	36968
scaffold_607	0	36697	36697
scaffold_608	0	36419	36419
scaffold_609	0	36345	36345
scaffold_610	0	36257	36257
scaffold_611	0	36253	36253
scaffold_612	0	36170	36170
scaffold_613	0	36090	36090
scaffold_614	0	36233	36233
scaffold_615	0	35981	35981
scaffold_616	0	37952	37952
scaffold_617	0	35677	35677
scaffold_618	0	35495	35495
scaffold_619	0	35334	35334
scaffold_620	0	38162	38162
scaffold_621	0	35305	35305
scaffold_622	0	35167	35167
scaffold_623	0	35110	35110
scaffold_624	0	45683	45683
scaffold_625	0	35028	35028
scaffold_626	0	34811	34811
scaffold_627	0	34651	34651
scaffold_628	0	34645	34645
scaffold_629	0	34481	34481
scaffold_630	0	34213	34213
scaffold_631	0	39827	39827
scaffold_632	0	45460	45460
scaffold_633	0	34137	34137
scaffold_634	0	34360	34360
scaffold_635	0	35270	35270
scaffold_636	0	34582	34582
scaffold_637	0	41837	41837
scaffold_639	0	33754	33754
scaffold_640	0	33745	33745
scaffold_641	0	35176	35176
scaffold_642	0	33530	33530
scaffold_643	0	37380	37380
scaffold_644	0	40591	40591
scaffold_645	0	36229	36229
scaffold_646	0	36664	36664
scaffold_647	0	45051	45051
scaffold_648	0	31475	31475
scaffold_649	0	49166	49166
scaffold_650	0	32655	32655
scaffold_651	0	38358	38358
scaffold_652	0	46682	46682
scaffold_653	0	32305	32305
scaffold_654	0	32288	32288
scaffold_655	0	41797	41797
scaffold_656	0	32233	32233
scaffold_657	0	32214	32214
scaffold_658	0	38524	38524
scaffold_660	0	31959	31959
scaffold_661	0	22001	22001
scaffold_662	0	33894	33894
scaffold_663	0	20141	20141
scaffold_664	0	31638	31638
scaffold_665	0	31534	31534
scaffold_666	0	31534	31534
scaffold_667	0	45694	45694
scaffold_668	0	35469	35469
scaffold_669	0	31309	31309
scaffold_670	0	31287	31287
scaffold_671	0	31288	31288
scaffold_672	0	31274	31274
scaffold_673	0	31258	31258
scaffold_674	0	31104	31104
scaffold_675	0	31086	31086
scaffold_677	0	30982	30982
scaffold_678	0	30956	30956
scaffold_679	0	30891	30891
scaffold_680	0	30767	30767
scaffold_681	0	30740	30740
scaffold_682	0	30648	30648
scaffold_683	0	34945	34945
scaffold_684	0	30486	30486
scaffold_685	0	30431	30431
scaffold_686	0	40405	40405
scaffold_688	0	30306	30306
scaffold_689	0	30442	30442
scaffold_690	0	30228	30228
scaffold_691	0	30224	30224
scaffold_692	0	30125	30125
scaffold_693	0	30094	30094
scaffold_694	0	29920	29920
scaffold_695	0	30782	30782
scaffold_696	0	34683	34683
scaffold_697	0	32404	32404
scaffold_698	0	30614	30614
scaffold_699	0	29844	29844
scaffold_700	0	29837	29837
scaffold_701	0	54628	54628
scaffold_702	0	29936	29936
scaffold_703	0	29321	29321
scaffold_704	0	35478	35478
scaffold_705	0	32136	32136
scaffold_706	0	29348	29348
scaffold_707	0	29297	29297
scaffold_708	0	29083	29083
scaffold_709	0	28217	28217
scaffold_710	0	37028	37028
scaffold_711	0	40047	40047
scaffold_712	0	62429	62429
scaffold_713	0	29490	29490
scaffold_714	0	34932	34932
scaffold_716	0	31476	31476
scaffold_717	0	28577	28577
scaffold_718	0	28503	28503
scaffold_719	0	34777	34777
scaffold_720	0	27136	27136
scaffold_721	0	32749	32749
scaffold_722	0	46449	46449
scaffold_723	0	26125	26125
scaffold_724	0	45090	45090
scaffold_725	0	29652	29652
scaffold_726	0	35268	35268
scaffold_727	0	29591	29591
scaffold_728	0	34084	34084
scaffold_729	0	27578	27578
scaffold_730	0	27549	27549
scaffold_731	0	36990	36990
scaffold_732	0	47151	47151
scaffold_733	0	27008	27008
scaffold_735	0	41284	41284
scaffold_736	0	26808	26808
scaffold_737	0	54975	54975
scaffold_738	0	26634	26634
scaffold_739	0	26632	26632
scaffold_740	0	26618	26618
scaffold_741	0	26587	26587
scaffold_742	0	30043	30043
scaffold_743	0	29818	29818
scaffold_744	0	26253	26253
scaffold_745	0	29231	29231
scaffold_746	0	26167	26167
scaffold_747	0	33933	33933
scaffold_748	0	27565	27565
scaffold_749	0	33219	33219
scaffold_750	0	25904	25904
scaffold_751	0	34011	34011
scaffold_752	0	22991	22991
scaffold_753	0	26090	26090
scaffold_754	0	29450	29450
scaffold_755	0	43452	43452
scaffold_756	0	39287	39287
scaffold_757	0	25375	25375
scaffold_758	0	25319	25319
scaffold_759	0	25311	25311
scaffold_760	0	28481	28481
scaffold_761	0	25275	25275
scaffold_762	0	36020	36020
scaffold_763	0	25615	25615
scaffold_765	0	25006	25006
scaffold_766	0	24812	24812
scaffold_767	0	24794	24794
scaffold_768	0	24714	24714
scaffold_770	0	24589	24589
scaffold_771	0	24518	24518
scaffold_772	0	37876	37876
scaffold_773	0	25643	25643
scaffold_774	0	24117	24117
scaffold_775	0	24320	24320
scaffold_776	0	24245	24245
scaffold_777	0	24191	24191
scaffold_778	0	24508	24508
scaffold_779	0	30297	30297
scaffold_780	0	30339	30339
scaffold_781	0	23999	23999
scaffold_782	0	23899	23899
scaffold_783	0	23791	23791
scaffold_784	0	28257	28257
scaffold_785	0	32618	32618
scaffold_786	0	23543	23543
scaffold_787	0	23417	23417
scaffold_788	0	32398	32398
scaffold_789	0	32351	32351
scaffold_790	0	23117	23117
scaffold_791	0	23095	23095
scaffold_792	0	24556	24556
scaffold_793	0	35389	35389
scaffold_794	0	22905	22905
scaffold_795	0	29303	29303
scaffold_796	0	29403	29403
scaffold_798	0	22755	22755
scaffold_799	0	22715	22715
scaffold_800	0	33647	33647
scaffold_801	0	26174	26174
scaffold_802	0	22101	22101
scaffold_803	0	22527	22527
scaffold_804	0	38035	38035
scaffold_805	0	47708	47708
scaffold_807	0	26707	26707
scaffold_808	0	22118	22118
scaffold_809	0	22060	22060
scaffold_810	0	21638	21638
scaffold_811	0	21980	21980
scaffold_812	0	21815	21815
scaffold_813	0	26838	26838
scaffold_814	0	32007	32007
scaffold_816	0	21594	21594
scaffold_817	0	21571	21571
scaffold_818	0	24187	24187
scaffold_819	0	24595	24595
scaffold_820	0	30196	30196
scaffold_822	0	28947	28947
scaffold_823	0	21334	21334
scaffold_824	0	21320	21320
scaffold_825	0	21185	21185
scaffold_826	0	22648	22648
scaffold_827	0	22403	22403
scaffold_828	0	35454	35454
scaffold_829	0	20768	20768
scaffold_830	0	44872	44872
scaffold_831	0	22549	22549
scaffold_832	0	29247	29247
scaffold_833	0	20528	20528
scaffold_834	0	20331	20331
scaffold_835	0	20251	20251
scaffold_836	0	25687	25687
scaffold_837	0	22928	22928
scaffold_839	0	21783	21783
scaffold_840	0	19972	19972
scaffold_842	0	38308	38308
scaffold_843	0	19691	19691
scaffold_844	0	30344	30344
scaffold_845	0	19463	19463
scaffold_846	0	18843	18843
scaffold_847	0	20670	20670
scaffold_848	0	23849	23849
scaffold_850	0	20633	20633
scaffold_851	0	19388	19388
scaffold_852	0	19185	19185
scaffold_853	0	24728	24728
scaffold_854	0	21950	21950
scaffold_855	0	37822	37822
scaffold_856	0	18916	18916
scaffold_857	0	18885	18885
scaffold_858	0	18790	18790
scaffold_859	0	18773	18773
scaffold_860	0	41195	41195
scaffold_861	0	18747	18747
scaffold_862	0	18683	18683
scaffold_863	0	18495	18495
scaffold_864	0	28143	28143
scaffold_866	0	18170	18170
scaffold_867	0	23613	23613
scaffold_868	0	28175	28175
scaffold_870	0	17641	17641
scaffold_871	0	19736	19736
scaffold_872	0	17621	17621
scaffold_873	0	17605	17605
scaffold_874	0	17405	17405
scaffold_875	0	20366	20366
scaffold_876	0	17542	17542
scaffold_877	0	18770	18770
scaffold_878	0	17512	17512
scaffold_879	0	25944	25944
scaffold_880	0	17474	17474
scaffold_881	0	22805	22805
scaffold_882	0	17341	17341
scaffold_883	0	17298	17298
scaffold_884	0	17236	17236
scaffold_885	0	17159	17159
scaffold_886	0	17119	17119
scaffold_887	0	21068	21068
scaffold_888	0	23820	23820
scaffold_890	0	16878	16878
scaffold_891	0	19293	19293
scaffold_892	0	16548	16548
scaffold_893	0	18747	18747
scaffold_894	0	16462	16462
scaffold_895	0	16386	16386
scaffold_896	0	16339	16339
scaffold_897	0	18763	18763
scaffold_898	0	16299	16299
scaffold_899	0	29247	29247
scaffold_900	0	16226	16226
scaffold_901	0	16108	16108
scaffold_902	0	33325	33325
scaffold_903	0	15953	15953
scaffold_904	0	25992	25992
scaffold_905	0	23655	23655
scaffold_907	0	15620	15620
scaffold_908	0	20010	20010
scaffold_909	0	15460	15460
scaffold_910	0	15433	15433
scaffold_911	0	22986	22986
scaffold_912	0	24018	24018
scaffold_913	0	15365	15365
scaffold_914	0	15307	15307
scaffold_915	0	15293	15293
scaffold_916	0	15293	15293
scaffold_917	0	15236	15236
scaffold_918	0	15005	15005
scaffold_919	0	23019	23019
scaffold_920	0	18125	18125
scaffold_921	0	15141	15141
scaffold_922	0	14709	14709
scaffold_923	0	14606	14606
scaffold_924	0	16974	16974
scaffold_925	0	14460	14460
scaffold_926	0	13400	13400
scaffold_927	0	25242	25242
scaffold_928	0	32926	32926
scaffold_929	0	25604	25604
scaffold_930	0	18194	18194
scaffold_931	0	20750	20750
scaffold_932	0	19988	19988
scaffold_933	0	22459	22459
scaffold_934	0	18981	18981
scaffold_935	0	17318	17318
scaffold_936	0	26107	26107
scaffold_937	0	8040	8040
scaffold_937	8050	14181	6131
scaffold_938	0	6565	6565
scaffold_939	0	4326	4326
scaffold_940	0	3248	3248
scaffold_941	0	6190	6190
scaffold_942	0	2725	2725
